BA 771171117092186 (682, 512)
BA 388415203259222 (910, 512)
CY 220524552819761 (910, 512)
AT 298059001805017 (682, 512)
CY 479697989804449 (914, 512)
CH 745377426148398 (682, 512)
CZ 210102653955373 (910, 512)
DE 757274614978879 (682, 512)
CZ 459979695083615 (512, 684)
GB 3035586603365189 (906, 512)
ES 227902728674103 (910, 512)
DK 263768225473369 (682, 512)
GR 2898556770384403 (682, 512)
GR 248103950383727 (1213, 512)
HR 494263835349132 (682, 512)
IE 454931965573787 (682, 512)
HU 963295314507669 (682, 512)
IE 795397984672574 (682, 512)
IS 556273168691640 (910, 512)
IT 422339869185175 (910, 512)
LT 362548861853640 (682, 512)
LT 508500646987008 (682, 512)
LU 495018385022114 (682, 512)
ME 3887901771286768 (682, 512)
NL 227543195800895 (682, 512)
MT 973077226795283 (682, 512)
NO 464944467909260 (682, 512)
PL 376633261116653 (682, 512)
PL 491103755277029 (682, 512)
PT 2853078778237565 (910, 512)
RO 690642559251980 (910, 512)
RO 179290940863218 (910, 512)
RS 5346729442052486 (910, 512)
RS 332337518239399 (682, 512)
SE 5442759149130487 (682, 512)
SI 828427107882555 (682, 512)
SK 738780480123389 (682, 512)
SK 493949298631038 (910, 512)
UA 912307339302905 (682, 512)
